time_stamp	px_state	py_state	v_state	yaw_angle_state	yaw_rate_state	sensor_type	NIS	px_measured	py_measured	px_ground_truth	py_ground_truth	vx_ground_truth	vy_ground_truth
1477010443000000	0.312243	0.58034	0	0	0	lidar	2.37286e-314	0.312243	0.58034	0.6	0.6	5.19994	0
1477010443050000	0.525474	0.58034	8.52927	6.28319	0	radar	185.597	0.862916	0.534212	0.859997	0.600045	5.19975	0.00179686
1477010443100000	0.966358	0.58034	8.82549	6.28319	-2.94168e-07	lidar	2.48436	1.17385	0.481073	1.11998	0.600225	5.19943	0.00538996
1477010443150000	1.14593	0.580223	5.61692	6.28276	-0.00637814	radar	20.2458	0.969149	0.397513	1.37996	0.600629	5.19898	0.0107781
1477010443200000	1.44312	0.580041	5.71842	6.28241	-0.00672086	lidar	2.15302	1.65063	0.62469	1.6399	0.601347	5.19839	0.0179597
1477010443250000	1.72129	0.57928	5.61079	6.281	-0.0140767	radar	1.16078	1.62331	0.499091	1.89982	0.60247	5.19766	0.0269323
1477010443300000	2.01965	0.578697	5.68229	6.28055	-0.012809	lidar	1.6246	2.18882	0.648739	2.1597	0.604086	5.19678	0.0376932
1477010443350000	2.2593	0.579802	5.36959	6.28258	-0.00162415	radar	2.68715	1.96701	0.557117	2.41954	0.606284	5.19573	0.0502389
1477010443400000	2.54227	0.580893	5.4146	6.28414	0.00451267	lidar	0.967118	2.65526	0.66598	2.67932	0.609155	5.1945	0.0645654
1477010443450000	2.80667	0.584558	5.34869	6.28817	0.0169537	radar	0.411356	2.92034	0.645898	2.93904	0.612786	5.19309	0.080668
1477010443500000	3.06581	0.588647	5.32619	6.29176	0.0252218	lidar	0.25688	3.01222	0.637046	3.19869	0.617267	5.19147	0.0985415
1477010443550000	3.34094	0.570653	5.30532	6.274	-0.026532	radar	2.03863	3.56096	0.485311	3.45825	0.622685	5.18963	0.11818
1477010443600000	3.64726	0.54118	5.41121	6.24958	-0.0843071	lidar	5.76247	3.89365	0.311793	3.71772	0.62913	5.18754	0.139576
1477010443650000	3.93015	0.556851	5.47531	6.26547	-0.0380205	radar	1.79435	4.19786	0.698311	3.97708	0.636689	5.18519	0.162724
1477010443700000	4.21922	0.555588	5.5095	6.26637	-0.0323207	lidar	0.451173	4.30935	0.578564	4.23632	0.645449	5.18256	0.187614
1477010443750000	4.47762	0.577051	5.31118	6.28241	0.00246656	radar	1.35194	4.61908	0.68951	4.49542	0.655498	5.17962	0.214238
1477010443800000	4.68063	0.646198	5.16437	6.32853	0.093578	lidar	9.35106	4.35143	0.899174	4.75437	0.666921	5.17634	0.242587
1477010443850000	4.9315	0.653592	4.99477	6.33005	0.0867708	radar	1.36656	5.20901	0.66599	5.01315	0.679804	5.1727	0.272649
1477010443900000	5.23419	0.65965	5.10617	6.32962	0.0763892	lidar	4.29095	5.51894	0.648233	5.27175	0.694234	5.16867	0.304413
1477010443950000	5.49711	0.671306	5.28892	6.33305	0.0768115	radar	1.36436	5.22834	0.639362	5.53013	0.710295	5.16422	0.337868
1477010444000000	5.80257	0.68912	5.37367	6.33818	0.0776503	lidar	2.56801	6.022	0.708619	5.78828	0.728072	5.15932	0.372999
1477010444050000	6.04133	0.640359	5.09059	6.30543	0.0134952	radar	3.84895	5.89392	0.373584	6.04618	0.747647	5.15393	0.409793
1477010444100000	6.30039	0.729701	5.10139	6.35428	0.0954523	lidar	3.03692	6.34249	0.948833	6.30379	0.769103	5.14803	0.448233
1477010444150000	6.55145	0.762406	5.05437	6.36722	0.109121	radar	0.231234	6.62134	0.836138	6.5611	0.792523	5.14157	0.488305
1477010444200000	6.80013	0.764038	5.04767	6.36114	0.0898914	lidar	0.172473	6.78214	0.714036	6.81808	0.817988	5.13452	0.52999
1477010444250000	7.04164	0.755759	4.83379	6.34941	0.0620955	radar	1.89473	7.29121	0.630741	7.07469	0.845578	5.12685	0.573269
1477010444300000	7.25618	0.829701	4.78825	6.38737	0.120044	lidar	1.81465	7.13735	0.957217	7.3309	0.875373	5.11851	0.618123
1477010444350000	7.55706	0.84673	5.22319	6.38479	0.105306	radar	5.40124	8.08349	0.819605	7.58668	0.907449	5.10946	0.664531
1477010444400000	7.81665	0.825131	5.21612	6.36137	0.0587752	lidar	0.734346	7.80533	0.719126	7.84199	0.941886	5.09966	0.712469
1477010444450000	8.06465	0.84511	4.96721	6.36408	0.0574624	radar	2.29132	8.40453	0.884557	8.0968	0.978759	5.08907	0.761915
1477010444500000	8.30145	0.858191	4.9464	6.36324	0.0516933	lidar	0.171172	8.24796	0.840322	8.35106	1.01814	5.07766	0.812843
1477010444550000	8.57509	0.952157	5.32077	6.40868	0.120406	radar	5.74512	8.45858	1.41118	8.60472	1.06011	5.06537	0.865226
1477010444600000	8.82172	1.00949	5.29254	6.42947	0.143884	lidar	0.41783	8.74615	1.04858	8.85775	1.10473	5.05216	0.919037
1477010444650000	9.11401	1.05322	5.31532	6.43726	0.144465	radar	6.90696	9.8809	1.1419	9.1101	1.15208	5.03798	0.974245
1477010444700000	9.35677	1.08107	5.27477	6.43782	0.134417	lidar	0.603399	9.25579	1.04913	9.36172	1.20223	5.0228	1.03082
1477010444750000	9.63741	1.16296	5.33924	6.4664	0.16803	radar	4.1181	10.1016	1.52474	9.61255	1.25524	5.00656	1.08873
1477010444800000	9.91821	1.29508	5.40389	6.52037	0.237621	lidar	2.4297	10.0484	1.44598	9.86254	1.31118	4.98922	1.14794
1477010444850000	10.162	1.39516	5.11301	6.55678	0.27868	radar	4.25694	10.5377	1.72555	10.1117	1.37011	4.97074	1.20841
1477010444900000	10.3806	1.46768	5.06403	6.57426	0.284465	lidar	0.923856	10.2492	1.45907	10.3598	1.4321	4.95106	1.2701
1477010444950000	10.6097	1.55418	4.83794	6.59957	0.304319	radar	2.09728	10.9084	1.70343	10.6069	1.49721	4.93014	1.33298
1477010445000000	10.8255	1.56806	4.77399	6.58092	0.253692	lidar	1.36384	10.7313	1.45265	10.853	1.56549	4.90794	1.39701
1477010445050000	11.0965	1.62246	5.0457	6.57619	0.224794	radar	2.8867	11.4783	1.42876	11.0979	1.637	4.8844	1.46213
1477010445100000	11.3815	1.65856	5.10368	6.56045	0.184178	lidar	2.44376	11.587	1.61462	11.3416	1.71179	4.85948	1.52832
1477010445150000	11.6114	1.71258	4.98707	6.56271	0.17453	radar	0.636304	11.4763	1.53917	11.584	1.78992	4.83313	1.59551
1477010445200000	11.8391	1.77088	4.95928	6.56634	0.166888	lidar	0.231428	11.7788	1.74591	11.8251	1.87144	4.80531	1.66366
1477010445250000	12.0979	1.86844	5.19598	6.58574	0.181488	radar	1.32211	12.136	2.14937	12.0647	1.95639	4.77598	1.73273
1477010445300000	12.3467	1.88497	5.15849	6.55967	0.129101	lidar	0.760256	12.3226	1.78353	12.3029	2.04482	4.74508	1.80265
1477010445350000	12.6045	1.9453	5.27521	6.55768	0.115281	radar	0.472986	12.5457	1.77728	12.5394	2.13677	4.71257	1.87338
1477010445400000	12.8064	2.08905	5.22674	6.61023	0.184485	lidar	3.12277	12.5924	2.17509	12.7743	2.23227	4.67842	1.94485
1477010445450000	13.0751	2.20888	5.43413	6.63399	0.203823	radar	2.21175	13.2198	2.6644	13.0075	2.33137	4.64258	2.01701
1477010445500000	13.2833	2.35461	5.38819	6.67874	0.254884	lidar	2.3444	13.0875	2.40708	13.2388	2.43409	4.605	2.08981
1477010445550000	13.4528	2.50964	4.96585	6.73679	0.330382	radar	10.3674	12.7087	3.12439	13.4682	2.54047	4.56565	2.16317
1477010445600000	13.7019	2.61492	5.01051	6.74608	0.319739	lidar	0.965517	13.836	2.62479	13.6955	2.65053	4.52448	2.23703
1477010445650000	13.9211	2.72946	5.01289	6.76303	0.320952	radar	0.0940087	13.8302	2.73893	13.9208	2.7643	4.48147	2.31134
1477010445700000	14.1493	2.8812	5.06176	6.79606	0.345871	lidar	0.445089	14.2106	2.94205	14.1439	2.88179	4.43656	2.38601
1477010445750000	14.4013	3.0014	5.31884	6.79841	0.317218	radar	1.25928	14.5568	2.87021	14.3646	3.00303	4.38974	2.46099
1477010445800000	14.6124	3.05237	5.19285	6.77496	0.259357	lidar	2.59614	14.4616	2.90734	14.583	3.12802	4.34097	2.5362
1477010445850000	14.8422	3.22328	5.34593	6.81006	0.289729	radar	3.10048	14.6754	3.96041	14.7989	3.25679	4.29021	2.61157
1477010445900000	15.0556	3.42073	5.39119	6.85957	0.341324	lidar	0.622915	15.0261	3.5067	15.0122	3.38932	4.23744	2.68703
1477010445950000	15.2621	3.59844	5.22831	6.90065	0.383918	radar	2.46437	15.3685	4.14761	15.2228	3.52563	4.18263	2.76249
1477010446000000	15.4774	3.78	5.27306	6.93306	0.403393	lidar	0.274143	15.5236	3.82936	15.4306	3.66572	4.12575	2.83789
1477010446050000	15.6876	3.9145	5.23615	6.93928	0.382832	radar	1.19507	15.7234	3.4105	15.6355	3.80957	4.06678	2.91315
1477010446100000	15.9124	4.04077	5.21491	6.93653	0.350856	lidar	0.378327	15.9774	4.00094	15.8375	3.95719	4.00571	2.98817
1477010446150000	16.1076	4.19661	5.02698	6.95966	0.366009	radar	1.17935	16.3376	4.21632	16.0363	4.10854	3.94251	3.0629
1477010446200000	16.3011	4.38948	5.07781	6.99426	0.390081	lidar	0.260558	16.3313	4.44499	16.2319	4.26363	3.87716	3.13723
1477010446250000	16.5129	4.5558	5.19015	7.00457	0.372872	radar	0.797672	16.7586	4.48231	16.4242	4.42242	3.80966	3.21109
1477010446300000	16.6904	4.71341	5.14385	7.01985	0.367563	lidar	0.488027	16.6039	4.67344	16.613	4.5849	3.74	3.28438
1477010446350000	16.8445	4.88808	4.79268	7.05915	0.413295	radar	2.42057	16.9236	5.10119	16.7983	4.75103	3.66817	3.35704
1477010446400000	16.9995	5.11929	4.877	7.11225	0.46088	lidar	0.628443	16.9955	5.21099	16.9799	4.92077	3.59416	3.42897
1477010446450000	17.1743	5.27503	4.89042	7.11771	0.43256	radar	1.56743	17.3421	4.64623	17.1579	5.09409	3.51797	3.50008
1477010446500000	17.3286	5.45225	4.87116	7.1389	0.431706	lidar	0.0973099	17.2894	5.43542	17.3319	5.27094	3.4396	3.57028
1477010446550000	17.4902	5.60185	4.79353	7.1437	0.407851	radar	2.68695	17.6463	4.74597	17.5019	5.45128	3.35907	3.63949
1477010446600000	17.6815	5.71224	4.7039	7.11992	0.343992	lidar	1.27655	17.7853	5.62476	17.6679	5.63506	3.27637	3.70762
1477010446650000	17.8318	5.89076	4.62104	7.14316	0.357036	radar	0.445829	17.9216	6.07151	17.8297	5.82221	3.19151	3.77458
1477010446700000	17.9999	6.09612	4.69942	7.16732	0.36725	lidar	1.15781	18.1263	6.16985	17.9872	6.01269	3.10453	3.84027
1477010446750000	18.1541	6.30032	4.80698	7.18991	0.370441	radar	1.00086	18.1245	6.79027	18.1402	6.20641	3.01542	3.90462
1477010446800000	18.2706	6.56306	4.91169	7.24982	0.430413	lidar	0.945584	18.2164	6.66138	18.2888	6.40332	2.92421	3.96753
1477010446850000	18.4042	6.77498	4.89771	7.27771	0.44188	radar	0.262989	18.4022	7.02231	18.4328	6.60333	2.83093	4.0289
1477010446900000	18.5542	6.89513	4.73986	7.25703	0.379885	lidar	1.32439	18.5422	6.76013	18.572	6.80638	2.7356	4.08867
1477010446950000	18.7059	7.1045	4.91554	7.2669	0.358818	radar	0.723555	18.8089	7.24388	18.7064	7.01237	2.63825	4.14672
1477010447000000	18.9103	7.23467	4.82882	7.22848	0.279108	lidar	3.45685	19.1441	7.18344	18.8359	7.22122	2.53893	4.20299
1477010447050000	19.0039	7.41451	4.53405	7.26224	0.319151	radar	3.46267	18.5479	7.4012	18.9604	7.43283	2.43767	4.25737
1477010447100000	19.0821	7.71529	4.71793	7.33979	0.408041	lidar	2.15724	19.0138	7.8688	19.0798	7.64712	2.3345	4.3098
1477010447150000	19.2073	7.91611	4.78099	7.34967	0.387845	radar	0.300274	19.3089	7.67375	19.1939	7.86397	2.22949	4.36017
1477010447200000	19.282	8.1441	4.78621	7.39041	0.417118	lidar	1.25068	19.132	8.12845	19.3028	8.08329	2.12266	4.40842
1477010447250000	19.3821	8.35424	4.8644	7.40526	0.399841	radar	2.0689	19.0239	8.17194	19.4062	8.30497	2.01409	4.45445
1477010447300000	19.4816	8.48542	4.66053	7.39463	0.354238	lidar	2.93242	19.347	8.30741	19.5042	8.5289	1.90381	4.49819
1477010447350000	19.5782	8.68101	4.56792	7.41242	0.358521	radar	0.391592	19.6843	8.35902	19.5966	8.75494	1.7919	4.53956
1477010447400000	19.7408	8.85731	4.54695	7.39221	0.306449	lidar	3.87166	20.0039	8.8906	19.6835	8.983	1.67841	4.57848
1477010447450000	19.8208	9.06514	4.43155	7.4227	0.336096	radar	0.877529	19.6061	9.48659	19.7645	9.21294	1.56341	4.61488
1477010447500000	19.9432	9.31505	4.56292	7.44253	0.343439	lidar	3.58239	20.1574	9.45949	19.8398	9.44463	1.44697	4.64869
1477010447550000	19.9962	9.51886	4.35557	7.48361	0.391119	radar	1.89677	19.6163	9.76606	19.9093	9.67795	1.32916	4.67984
1477010447600000	20.0716	9.78293	4.49513	7.52353	0.421967	lidar	1.36699	20.1573	9.90876	19.9728	9.91275	1.21005	4.70826
1477010447650000	20.1313	10.0434	4.71403	7.55641	0.428388	radar	7.60303	19.1911	11.5493	20.0303	10.1489	1.08972	4.73389
1477010447700000	20.1698	10.3459	4.88586	7.61346	0.479854	lidar	1.09527	20.166	10.4687	20.0818	10.3863	0.968259	4.75666
1477010447750000	20.1838	10.5827	4.74355	7.66723	0.536984	radar	2.45379	19.6775	10.803	20.1271	10.6247	0.845742	4.77652
1477010447800000	20.2349	10.8716	4.88803	7.70403	0.552773	lidar	2.09784	20.371	11.0109	20.1663	10.864	0.722256	4.7934
1477010447850000	20.2569	11.1475	5.04587	7.73787	0.551635	radar	4.77983	19.4335	12.3402	20.1993	11.1041	0.597892	4.80727
1477010447900000	20.2954	11.3757	4.98785	7.75445	0.536343	lidar	0.092855	20.3164	11.3483	20.2261	11.3449	0.472738	4.81807
1477010447950000	20.239	11.6234	4.75842	7.83983	0.651783	radar	8.82015	19.2063	12.2418	20.2466	11.5861	0.346889	4.82575
1477010448000000	20.3154	11.8453	4.70592	7.83512	0.602645	lidar	5.34717	20.6141	11.9422	20.2608	11.8275	0.220439	4.83027
1477010448050000	20.3395	12.089	4.95677	7.83002	0.514031	radar	4.43821	19.966	11.9688	20.2687	12.0692	0.093487	4.83159
1477010448100000	20.3184	12.3964	5.12586	7.87502	0.541871	lidar	0.708581	20.3263	12.4966	20.2701	12.3108	-0.0338694	4.82968
1477010448150000	20.2661	12.6332	4.92474	7.93883	0.623446	radar	2.58474	20.0192	12.4823	20.2652	12.5522	-0.161529	4.82451
1477010448200000	20.3011	12.8507	4.8261	7.94045	0.583931	lidar	2.27944	20.498	12.8924	20.254	12.7933	-0.28939	4.81605
1477010448250000	20.2962	13.072	4.77617	7.95757	0.564762	radar	2.15057	20.9151	12.2555	20.2363	13.0339	-0.417348	4.80428
1477010448300000	20.2673	13.2683	4.66437	7.98216	0.557894	lidar	0.855914	20.1943	13.1688	20.2122	13.2738	-0.545298	4.78918
1477010448350000	20.2308	13.5028	4.74135	8.00328	0.534381	radar	1.37465	19.858	13.5236	20.1818	13.5129	-0.673135	4.77072
1477010448400000	20.205	13.7732	4.83578	8.02662	0.531972	lidar	1.49876	20.3245	13.8896	20.1449	13.7509	-0.800753	4.74892
1477010448450000	20.154	13.9926	4.74584	8.06146	0.553297	radar	0.744756	20.3387	13.5307	20.1017	13.9878	-0.928043	4.72374
1477010448500000	20.0916	14.2604	4.85427	8.09494	0.562959	lidar	0.413426	20.1216	14.337	20.0521	14.2233	-1.0549	4.69521
1477010448550000	20.0196	14.4901	4.86506	8.12492	0.560373	radar	1.32512	19.6717	14.4038	19.9962	14.4573	-1.18121	4.66331
1477010448600000	19.9002	14.7627	5.01891	8.17526	0.591371	lidar	0.922617	19.781	14.773	19.934	14.6897	-1.30687	4.62805
1477010448650000	19.8361	14.9777	4.99671	8.18458	0.54179	radar	3.40686	20.1149	14.0165	19.8655	14.9202	-1.43177	4.58944
1477010448700000	19.8233	15.1737	4.81488	8.18246	0.502913	lidar	2.35551	20.0208	15.2053	19.7908	15.1486	-1.55581	4.54751
1477010448750000	19.7035	15.3629	4.51984	8.26786	0.65751	radar	7.13185	20.0157	15.3443	19.7099	15.3749	-1.67887	4.50226
1477010448800000	19.6928	15.5213	4.29483	8.26813	0.613421	lidar	2.95894	19.9131	15.554	19.6229	15.5989	-1.80085	4.45372
1477010448850000	19.6176	15.7055	4.2796	8.28583	0.58235	radar	1.23752	19.9388	15.0864	19.5298	15.8203	-1.92164	4.40193
1477010448900000	19.4959	15.9419	4.43423	8.32371	0.595511	lidar	0.384323	19.4748	16.0098	19.4307	16.039	-2.04114	4.3469
1477010448950000	19.403	16.1428	4.49467	8.33057	0.53382	radar	1.84218	19.1556	16.0022	19.3257	16.2549	-2.15925	4.28868
1477010449000000	19.2903	16.3263	4.4654	8.36157	0.538882	lidar	0.303433	19.238	16.2719	19.2148	16.4679	-2.27586	4.22731
1477010449050000	19.1815	16.5127	4.43443	8.39115	0.547009	radar	0.197389	19.4007	16.2962	19.0981	16.6777	-2.39087	4.16284
1477010449100000	19.0284	16.7544	4.62903	8.4262	0.558657	lidar	0.586251	19.0029	16.8387	18.9757	16.8841	-2.50418	4.0953
1477010449150000	18.8674	16.948	4.60976	8.5009	0.679646	radar	6.45868	18.8373	17.7112	18.8477	17.0872	-2.61571	4.02476
1477010449200000	18.6573	17.2249	4.96541	8.54512	0.694985	lidar	1.99541	18.6148	17.3832	18.7142	17.2866	-2.72534	3.95127
1477010449250000	18.5669	17.425	4.88981	8.50514	0.514823	radar	6.14053	18.8177	17.0316	18.5752	17.4822	-2.83299	3.87489
1477010449300000	18.3338	17.6414	5.09581	8.55471	0.542643	lidar	3.48326	18.1023	17.5529	18.4309	17.674	-2.93858	3.79568
1477010449350000	18.1904	17.8411	5.09402	8.55125	0.463914	radar	1.8116	18.2749	17.4877	18.2814	17.8617	-3.042	3.71372
1477010449400000	18.0781	18.0116	4.93893	8.56203	0.449432	lidar	1.09647	18.2094	18.0461	18.1268	18.0453	-3.14318	3.62906
1477010449450000	17.905	18.1582	4.83868	8.61457	0.522194	radar	2.5086	18.3021	17.498	17.9671	18.2246	-3.24204	3.5418
1477010449500000	17.803	18.2734	4.5713	8.6327	0.511359	lidar	1.00389	17.9018	18.2183	17.8026	18.3994	-3.3385	3.45199
1477010449550000	17.6826	18.4415	4.50262	8.6385	0.477237	radar	6.35302	18.8558	18.1364	17.6334	18.5697	-3.43247	3.35973
1477010449600000	17.4639	18.6496	4.73674	8.66728	0.483834	lidar	0.737839	17.3845	18.7039	17.4595	18.7353	-3.5239	3.26509
1477010449650000	17.29	18.7821	4.67275	8.70829	0.523627	radar	1.87485	17.7945	18.0801	17.281	18.8962	-3.61271	3.16817
1477010449700000	17.1391	18.9104	4.56476	8.73271	0.521365	lidar	0.156014	17.1762	18.8863	17.0983	19.0521	-3.69883	3.06904
1477010449750000	16.9729	19.0798	4.59267	8.7438	0.494277	radar	2.98888	16.9398	19.7311	16.9113	19.203	-3.78221	2.9678
1477010449800000	16.7463	19.2049	4.66016	8.78603	0.51516	lidar	2.84175	16.5734	19.052	16.7201	19.3488	-3.86278	2.86455
1477010449850000	16.5491	19.3637	4.73455	8.81247	0.526337	radar	3.28594	16.1674	20.2201	16.5251	19.4894	-3.9405	2.75938
1477010449900000	16.2976	19.5476	4.96545	8.83702	0.522739	lidar	0.709656	16.2338	19.6171	16.3262	19.6246	-4.01531	2.65237
1477010449950000	16.077	19.6264	4.90131	8.89475	0.582573	radar	10.1548	16.4366	18.2742	16.1237	19.7545	-4.08716	2.54364
1477010450000000	15.8671	19.7724	4.94052	8.9151	0.571977	lidar	0.688496	15.9243	19.8703	15.9176	19.8789	-4.15602	2.43329
1477010450050000	15.6883	19.8917	4.78259	8.9128	0.489384	radar	3.27423	16.2328	19.2166	15.7082	19.9978	-4.22185	2.32141
1477010450100000	15.4388	20.0602	4.97631	8.92653	0.474347	lidar	0.983413	15.4332	20.1836	15.4956	20.111	-4.28461	2.2081
1477010450150000	15.2088	20.2152	5.0629	8.93514	0.448172	radar	5.32438	14.3677	21.3406	15.2799	20.2185	-4.34427	2.09347
1477010450200000	15.0445	20.3302	4.90959	8.94789	0.438808	lidar	2.03104	15.2016	20.4385	15.0613	20.3203	-4.4008	1.97763
1477010450250000	14.8119	20.412	4.91831	8.99077	0.48172	radar	2.29448	14.7476	19.9571	14.84	20.4162	-4.4542	1.86068
1477010450300000	14.6025	20.5269	4.90302	9.00763	0.473485	lidar	0.572787	14.6665	20.6088	14.6161	20.5063	-4.50443	1.74272
1477010450350000	14.3543	20.6206	5.00064	9.04725	0.516063	radar	1.19972	13.841	21.0031	14.3897	20.5904	-4.55149	1.62386
1477010450400000	14.112	20.6896	4.99414	9.08167	0.526281	lidar	0.691822	14.0521	20.5924	14.1611	20.6686	-4.59537	1.50421
1477010450450000	13.8673	20.7659	5.04407	9.11808	0.553643	radar	0.231587	13.8232	20.859	13.9304	20.7408	-4.63606	1.38386
1477010450500000	13.584	20.8314	5.14653	9.15307	0.560381	lidar	1.34381	13.4686	20.7253	13.6977	20.807	-4.67357	1.26294
1477010450550000	13.3285	20.8668	5.21003	9.20913	0.628362	radar	1.85197	13.8263	20.4261	13.4632	20.8671	-4.70789	1.14153
1477010450600000	13.0971	20.8932	5.11575	9.24872	0.640259	lidar	0.269006	13.1072	20.8294	13.2271	20.9211	-4.73904	1.01975
1477010450650000	12.8679	20.9529	5.02998	9.26618	0.610713	radar	2.0125	13.2669	21.1579	12.9895	20.969	-4.76702	0.897694
1477010450700000	12.7037	20.9747	4.7869	9.29984	0.622017	lidar	2.17014	12.8729	21.0592	12.7506	21.0108	-4.79186	0.775469
1477010450750000	12.4449	21.0198	4.86254	9.32351	0.610268	radar	2.57179	11.5171	21.6724	12.5106	21.0465	-4.81358	0.653175
1477010450800000	12.196	21.0567	4.89483	9.3476	0.601305	lidar	0.164515	12.2062	21.11	12.2695	21.0761	-4.83219	0.530912
1477010450850000	11.9628	21.0747	4.88459	9.37886	0.608057	radar	0.908237	12.3859	21.1066	12.0276	21.0996	-4.84773	0.408778
1477010450900000	11.7303	21.038	4.82134	3.14543	0.634061	lidar	1.75476	11.6814	20.8651	11.785	21.117	-4.86022	0.286869
1477010450950000	11.4899	21.022	4.79671	3.18071	0.635537	radar	1.03778	11.5265	20.6748	11.5418	21.1283	-4.86971	0.165281
1477010451000000	11.286	21.01	4.70129	3.21464	0.641728	lidar	0.539554	11.363	21.0688	11.2982	21.1335	-4.87623	0.0441057
1477010451050000	11.0348	20.9699	4.73075	3.25327	0.647008	radar	4.11747	10.5558	20.5567	11.0544	21.1327	-4.87982	-0.076565
1477010451100000	10.8356	20.9278	4.63231	3.29487	0.662506	lidar	0.21874	10.8903	20.927	10.8105	21.1259	-4.88053	-0.196643
1477010451150000	10.5979	20.9221	4.46802	3.2975	0.59196	radar	5.53113	9.30535	21.3896	10.5666	21.1131	-4.8784	-0.31604
1477010451200000	10.2738	20.9735	4.7581	3.27231	0.5104	lidar	4.10397	10.189	21.209	10.3229	21.0943	-4.87349	-0.434674
1477010451250000	10.0388	20.9522	4.77067	3.29327	0.506479	radar	1.00827	9.97958	21.2932	10.0795	21.0697	-4.86585	-0.552463
1477010451300000	9.86997	20.9081	4.59253	3.33161	0.529312	lidar	1.29038	9.99634	20.9797	9.83658	21.0391	-4.85554	-0.669327
1477010451350000	9.6535	20.8908	4.41465	3.33403	0.47531	radar	1.34668	9.38223	21.111	9.59422	21.0028	-4.84262	-0.785189
1477010451400000	9.47349	20.8428	4.31935	3.36601	0.48909	lidar	0.340254	9.53921	20.8762	9.35258	20.9607	-4.82714	-0.899977
1477010451450000	9.26832	20.7929	4.38978	3.39724	0.509615	radar	1.5027	9.63392	20.9724	9.11177	20.9128	-4.80919	-1.01362
1477010451500000	8.91327	20.7866	4.76056	3.3705	0.430159	lidar	3.43623	8.70331	20.8221	8.87192	20.8594	-4.78881	-1.12605
1477010451550000	8.71165	20.7012	4.73324	3.41611	0.47161	radar	4.38825	9.84634	20.009	8.63315	20.8003	-4.76608	-1.2372
1477010451600000	8.39654	20.6293	4.96907	3.42362	0.443351	lidar	3.00291	8.22277	20.4839	8.39557	20.7358	-4.74108	-1.34701
1477010451650000	8.16114	20.5512	4.99805	3.45219	0.456908	radar	0.0943188	8.29647	20.4978	8.1593	20.6657	-4.71387	-1.45542
1477010451700000	7.91117	20.472	5.03299	3.47255	0.452586	lidar	0.0654465	7.88599	20.45	7.92445	20.5903	-4.68453	-1.56237
1477010451750000	7.68919	20.3881	5.096	3.50638	0.483327	radar	3.35655	8.29081	20.6565	7.69111	20.5096	-4.65313	-1.66781
1477010451800000	7.33438	20.3382	5.39096	3.48437	0.415295	lidar	2.09487	7.18029	20.392	7.45939	20.4237	-4.61975	-1.7717
1477010451850000	7.08265	20.2488	5.33654	3.49974	0.400027	radar	0.263484	7.09214	20.1196	7.22939	20.3326	-4.58448	-1.87399
1477010451900000	6.8236	20.1615	5.36112	3.51415	0.392321	lidar	0.0416922	6.81542	20.1859	7.00119	20.2364	-4.54738	-1.97462
1477010451950000	6.58719	20.0735	5.28506	3.5291	0.381392	radar	0.598133	6.89359	20.1536	6.7749	20.1352	-4.50854	-2.07357
1477010452000000	6.35905	19.9764	5.24339	3.55043	0.385694	lidar	0.129327	6.38914	20.0137	6.55059	20.0292	-4.46805	-2.17079
1477010452050000	6.1384	19.884	5.21231	3.57104	0.392939	radar	3.09334	6.67637	20.2142	6.32834	19.9183	-4.42598	-2.26625
1477010452100000	5.88123	19.7877	5.26065	3.58	0.377823	lidar	0.144609	5.86119	19.8306	6.10823	19.8027	-4.38241	-2.35993
1477010452150000	5.62618	19.6467	5.45596	3.61417	0.414875	radar	1.54624	5.28178	19.5036	5.89034	19.6824	-4.33744	-2.45178
1477010452200000	5.50812	19.5093	5.15066	3.67295	0.474415	lidar	2.64782	5.69089	19.5755	5.67472	19.5577	-4.29114	-2.5418
1477010452250000	5.30951	19.3599	5.12477	3.71019	0.495723	radar	1.87855	5.9506	18.9859	5.46145	19.4284	-4.24359	-2.62995
1477010452300000	5.11209	19.2548	5.05979	3.72759	0.488767	lidar	1.99775	5.17021	19.4397	5.25059	19.2948	-4.19488	-2.71622
1477010452350000	4.94596	19.1395	4.81427	3.74973	0.47759	radar	4.51577	5.87397	19.301	5.04219	19.157	-4.1451	-2.80059
1477010452400000	4.80884	18.989	4.68949	3.79712	0.513975	lidar	0.525281	4.89149	18.982	4.8363	19.015	-4.09432	-2.88305
1477010452450000	4.5935	18.8385	4.88688	3.81891	0.515949	radar	1.67883	3.98679	19.0452	4.63297	18.8689	-4.04263	-2.96359
1477010452500000	4.42239	18.7067	4.82761	3.84291	0.515985	lidar	0.979001	4.4685	18.834	4.43224	18.7188	-3.99012	-3.0422
1477010452550000	4.26279	18.5613	4.64427	3.86776	0.506663	radar	1.00968	4.69245	18.4634	4.23416	18.5648	-3.93685	-3.11888
1477010452600000	4.15595	18.4102	4.50572	3.91709	0.545058	lidar	1.05037	4.26269	18.481	4.03876	18.4071	-3.88293	-3.19362
1477010452650000	3.95552	18.2384	4.94525	3.94261	0.561528	radar	6.60146	3.42434	18.8357	3.84606	18.2457	-3.82841	-3.26644
1477010452700000	3.65067	18.0942	5.16146	3.9015	0.457595	lidar	3.12865	3.45919	18.167	3.65611	18.0807	-3.77339	-3.33732
1477010452750000	3.4984	17.9469	4.84066	3.9166	0.430823	radar	3.67162	4.3011	17.9267	3.46891	17.9122	-3.71795	-3.40627
1477010452800000	3.24662	17.7813	4.99588	3.90183	0.376139	lidar	1.12866	3.12525	17.7493	3.28449	17.7402	-3.66215	-3.47331
1477010452850000	3.04953	17.5984	5.21308	3.92443	0.394594	radar	1.95727	2.65664	17.888	3.10287	17.565	-3.60609	-3.53844
1477010452900000	2.88131	17.4792	5.10336	3.93015	0.379857	lidar	6.22304	2.9449	17.8154	2.92405	17.3866	-3.54982	-3.60167
1477010452950000	2.72698	17.2635	5.28403	3.97885	0.436233	radar	2.22477	3.26647	17.0897	2.74805	17.2051	-3.49344	-3.66302
1477010453000000	2.55221	17.0695	5.27988	3.99975	0.435182	lidar	0.0135405	2.55407	17.0853	2.57486	17.0205	-3.437	-3.72251
1477010453050000	2.39641	16.9066	4.90696	4.00512	0.392945	radar	2.23049	2.55039	16.8884	2.4045	16.833	-3.38059	-3.78014
1477010453100000	2.24112	16.7381	4.87762	4.02063	0.388565	lidar	0.491106	2.25371	16.8334	2.23695	16.6427	-3.32428	-3.83595
1477010453150000	2.06499	16.5401	4.83023	4.02881	0.363966	radar	4.40774	1.57735	16.0489	2.07221	16.4497	-3.26812	-3.88995
1477010453200000	1.91118	16.3119	4.89185	4.0567	0.374774	lidar	2.29031	1.88972	16.1054	1.91027	16.254	-3.21219	-3.94216
1477010453250000	1.76485	16.1351	4.77497	4.06774	0.358853	radar	0.410475	1.74362	16.2687	1.75112	16.0557	-3.15656	-3.99261
1477010453300000	1.54784	15.9716	4.86436	4.04336	0.298402	lidar	1.49821	1.44745	16.0853	1.59474	15.8549	-3.10129	-4.04132
1477010453350000	1.4097	15.7379	5.15826	4.08602	0.354799	radar	2.19858	1.6097	15.5526	1.44111	15.6517	-3.04644	-4.08832
1477010453400000	1.23091	15.5135	5.23182	4.09371	0.338687	lidar	0.538262	1.18395	15.4284	1.29021	15.4463	-2.99207	-4.13364
1477010453450000	1.06677	15.3223	5.13091	4.09434	0.309569	radar	0.960792	0.828993	15.528	1.14201	15.2386	-2.93825	-4.1773
1477010453500000	0.839577	15.0989	5.28996	4.07516	0.25709	lidar	1.45126	0.722706	15.0075	0.996486	15.0288	-2.88503	-4.21933
1477010453550000	0.69951	14.921	5.05537	4.07969	0.235012	radar	2.2974	1.03147	15.2134	0.853604	14.8169	-2.83246	-4.25977
1477010453600000	0.628786	14.7132	4.92285	4.12902	0.289856	lidar	0.902866	0.737301	14.7047	0.71333	14.603	-2.78061	-4.29864
1477010453650000	0.505387	14.4695	5.17657	4.16539	0.333007	radar	1.99137	0.722177	14.2445	0.575628	14.3872	-2.72952	-4.33598
1477010453700000	0.3234	14.2414	5.26825	4.15995	0.299873	lidar	0.447754	0.253435	14.2029	0.440459	14.1696	-2.67925	-4.37181
1477010453750000	0.173799	13.9865	5.5586	4.1842	0.326864	radar	1.45214	-0.0328023	13.9604	0.307779	13.9502	-2.62984	-4.40617
1477010453800000	0.212635	13.7353	5.2915	4.28833	0.456258	lidar	4.7763	0.459172	13.6856	0.177545	13.7292	-2.58135	-4.43909
1477010453850000	0.10047	13.4928	5.36259	4.30975	0.456984	radar	0.327523	0.0524412	13.6377	0.0497099	13.5065	-2.53381	-4.47061
1477010453900000	-0.0796786	13.2524	5.45517	4.29269	0.397663	lidar	0.984987	-0.190344	13.2856	-0.0757753	13.2823	-2.48728	-4.50075
1477010453950000	-0.196714	13.0383	5.17006	4.29517	0.360485	radar	1.45991	-0.275043	13.1456	-0.198962	13.0566	-2.44179	-4.52955
1477010454000000	-0.157727	12.8243	4.94748	4.38117	0.463829	lidar	3.7375	0.0462308	12.9301	-0.319903	12.8295	-2.39739	-4.55704
1477010454050000	-0.266449	12.5993	4.79811	4.38415	0.427638	radar	2.55355	-0.684792	12.3563	-0.438654	12.6011	-2.35412	-4.58326
1477010454100000	-0.394841	12.3699	4.85907	4.37779	0.386051	lidar	0.492157	-0.476482	12.3633	-0.555273	12.3714	-2.31202	-4.60823
1477010454150000	-0.511373	12.162	4.82092	4.37205	0.348184	radar	3.29706	-0.972122	12.5207	-0.669818	12.1404	-2.27111	-4.63198
1477010454200000	-0.586268	11.952	4.78589	4.38914	0.348852	lidar	0.400203	-0.582624	12.0386	-0.78235	11.9083	-2.23144	-4.65456
1477010454250000	-0.712533	11.7212	4.84845	4.37817	0.306234	radar	2.76767	-1.26757	11.6495	-0.892931	11.6751	-2.19304	-4.67598
1477010454300000	-0.938685	11.4726	5.03739	4.31356	0.186855	lidar	4.2666	-1.17212	11.3988	-1.00163	11.4409	-2.15594	-4.69628
1477010454350000	-1.03218	11.2485	4.85655	4.31668	0.167232	radar	1.7467	-0.891441	10.959	-1.1085	11.2057	-2.12017	-4.71549
1477010454400000	-1.22782	11.0226	4.98953	4.26877	0.0853126	lidar	1.98001	-1.39289	11.0424	-1.21362	10.9695	-2.08575	-4.73364
1477010454450000	-1.31447	10.7719	5.25854	4.30001	0.141863	radar	1.74094	-1.29894	10.9012	-1.31706	10.7324	-2.05273	-4.75075
1477010454500000	-1.45254	10.5106	5.34526	4.29191	0.118769	lidar	0.603295	-1.49687	10.4198	-1.41889	10.4945	-2.02111	-4.76686
1477010454550000	-1.56044	10.2415	5.50324	4.30698	0.139174	radar	0.921632	-1.59293	10.0212	-1.51917	10.2559	-1.99093	-4.78198
1477010454600000	-1.63985	10.0333	5.37781	4.3234	0.155413	lidar	2.29814	-1.61875	10.2374	-1.61797	10.0165	-1.96221	-4.79615
1477010454650000	-1.7257	9.8059	5.22903	4.33269	0.152433	radar	0.706449	-1.59702	9.96554	-1.71539	9.77637	-1.93498	-4.80939
1477010454700000	-1.78132	9.59333	5.11343	4.35777	0.179566	lidar	0.986974	-1.73381	9.71347	-1.81147	9.53564	-1.90924	-4.82172
1477010454750000	-1.91507	9.33231	5.34984	4.35066	0.163681	radar	2.15005	-2.27191	9.37316	-1.90631	9.29431	-1.88502	-4.83316
1477010454800000	-1.99691	9.03133	5.43052	4.37072	0.17799	lidar	3.80693	-1.93833	8.77028	-1.99998	9.05243	-1.86233	-4.84374
1477010454850000	-2.07265	8.81449	5.18333	4.37575	0.162399	radar	2.05543	-1.96565	9.13274	-2.09256	8.81003	-1.8412	-4.85347
1477010454900000	-2.16626	8.56407	5.20729	4.38006	0.156394	lidar	0.0387658	-2.1768	8.5411	-2.18412	8.56717	-1.82164	-4.86238
1477010454950000	-2.31149	8.30088	5.33117	4.35814	0.111528	radar	2.31726	-2.65862	8.19477	-2.27474	8.32388	-1.80365	-4.87047
1477010455000000	-2.33116	8.08025	5.17328	4.39829	0.164448	lidar	1.25528	-2.21875	8.15339	-2.3645	8.0802	-1.78726	-4.87778
1477010455050000	-2.37184	7.87808	5.01374	4.42175	0.188568	radar	5.44459	-2.273	8.52315	-2.45348	7.83617	-1.77248	-4.8843
1477010455100000	-2.49857	7.62215	5.12285	4.40358	0.146742	lidar	0.70125	-2.59674	7.60288	-2.54177	7.59184	-1.75931	-4.89006
1477010455150000	-2.66624	7.3828	5.04769	4.35297	0.0439051	radar	4.58813	-3.08256	7.38874	-2.62944	7.34723	-1.74777	-4.89507
1477010455200000	-2.77526	7.12868	5.11431	4.3461	0.0293168	lidar	0.284254	-2.79865	7.064	-2.71658	7.10238	-1.73786	-4.89933
1477010455250000	-2.82457	6.89861	5.17029	4.37898	0.0922881	radar	1.98815	-2.79412	7.20818	-2.80326	6.85734	-1.72958	-4.90286
1477010455300000	-2.84099	6.70847	4.94651	4.4142	0.140045	lidar	2.20521	-2.74651	6.86867	-2.88957	6.61214	-1.72295	-4.90566
1477010455350000	-2.872	6.50477	4.65028	4.43084	0.140481	radar	2.71909	-2.57673	6.36755	-2.97559	6.36681	-1.71797	-4.90774
1477010455400000	-2.92972	6.27389	4.65761	4.44174	0.145445	lidar	0.143273	-2.90217	6.22989	-3.0614	6.12139	-1.71464	-4.90911
1477010455450000	-3.06767	6.01349	4.92162	4.41486	0.0998131	radar	4.40575	-3.50172	6.10796	-3.14709	5.87592	-1.71297	-4.90976
1477010455500000	-3.16988	5.72488	5.08427	4.40687	0.0768634	lidar	2.14742	-3.1778	5.53101	-3.23274	5.63043	-1.71295	-4.9097
1477010455550000	-3.28353	5.47468	5.01065	4.37851	0.00820643	radar	2.00426	-3.19736	5.19093	-3.31843	5.38496	-1.71458	-4.90893
1477010455600000	-3.3947	5.20512	5.13557	4.36613	-0.0122623	lidar	0.695371	-3.43031	5.10507	-3.40424	5.13955	-1.71787	-4.90745
1477010455650000	-3.45792	4.95962	5.18832	4.38725	0.0335343	radar	0.394758	-3.4281	4.94644	-3.49026	4.89422	-1.72281	-4.90525
1477010455700000	-3.59716	4.65875	5.42801	4.36528	-0.00212326	lidar	1.83147	-3.69435	4.52196	-3.57657	4.64902	-1.72939	-4.90233
1477010455750000	-3.70798	4.40144	5.36452	4.34279	-0.058016	radar	1.72861	-3.50501	4.17643	-3.66325	4.40398	-1.73763	-4.89868
1477010455800000	-3.86261	4.1114	5.58211	4.31753	-0.0890739	lidar	1.52407	-4.00238	4.04684	-3.75039	4.15913	-1.74749	-4.8943
1477010455850000	-3.92562	3.88018	5.50359	4.34693	-0.0121033	radar	1.89216	-4.06447	4.10977	-3.83806	3.91452	-1.75899	-4.88918
1477010455900000	-3.98292	3.66637	5.2997	4.35872	0.00345563	lidar	1.14082	-3.88053	3.75177	-3.92635	3.67019	-1.77212	-4.8833
1477010455950000	-4.06321	3.48666	5.02925	4.34723	-0.029865	radar	3.87466	-4.23729	3.88878	-4.01533	3.42616	-1.78686	-4.87666
1477010456000000	-4.15521	3.24374	5.05748	4.34586	-0.0298592	lidar	0.0351118	-4.15119	3.21968	-4.10509	3.18248	-1.8032	-4.86925
1477010456050000	-4.27699	2.97862	5.17781	4.32749	-0.06802	radar	0.666194	-4.27467	2.88187	-4.19571	2.93919	-1.82113	-4.86104
1477010456100000	-4.37675	2.69094	5.32708	4.32891	-0.0619558	lidar	1.29631	-4.32451	2.55034	-4.28727	2.69633	-1.84065	-4.85202
1477010456150000	-4.45813	2.44553	5.29678	4.34095	-0.0261144	radar	0.303535	-4.38481	2.39989	-4.37985	2.45393	-1.86173	-4.84218
1477010456200000	-4.57019	2.16647	5.42849	4.339	-0.0247238	lidar	0.462917	-4.61223	2.09192	-4.47352	2.21205	-1.88436	-4.83149
1477010456250000	-4.67501	1.94455	5.35165	4.30844	-0.109982	radar	3.83944	-4.29257	1.92854	-4.56836	1.97072	-1.90853	-4.81994
1477010456300000	-4.80172	1.64931	5.54873	4.30505	-0.101802	lidar	1.09921	-4.86829	1.53442	-4.66444	1.72998	-1.93422	-4.80751
1477010456350000	-4.92255	1.3982	5.57002	4.29096	-0.123474	radar	0.153967	-4.98165	1.43611	-4.76186	1.48989	-1.9614	-4.79417
1477010456400000	-4.97326	1.1928	5.31257	4.29313	-0.124941	lidar	5.60326	-4.66779	1.28643	-4.86066	1.25049	-1.99007	-4.7799
1477010456450000	-5.0601	1.00275	5.08123	4.28818	-0.117937	radar	1.08499	-4.98594	1.10894	-4.96095	1.01182	-2.02019	-4.76468
1477010456500000	-5.11465	0.790219	4.94843	4.29206	-0.113011	lidar	3.66345	-4.85498	0.825661	-5.06277	0.77393	-2.05174	-4.74848
1477010456550000	-5.21844	0.457913	5.33163	4.30697	-0.0832579	radar	5.85041	-4.84736	0.18101	-5.16621	0.536876	-2.08471	-4.73127
1477010456600000	-5.29137	0.225904	5.24917	4.30894	-0.0796663	lidar	1.56182	-5.1231	0.257311	-5.27133	0.300706	-2.11906	-4.71303
1477010456650000	-5.40012	0.00428861	5.09498	4.31103	-0.0479954	radar	5.74548	-5.99809	-0.290765	-5.3782	0.0654719	-2.15477	-4.69374
1477010456700000	-5.46728	-0.226916	5.04896	4.31747	-0.0389575	lidar	1.49731	-5.29972	-0.212982	-5.4869	-0.168772	-2.1918	-4.67335
1477010456750000	-5.58721	-0.380823	4.91957	4.27693	-0.117184	radar	2.9769	-5.64447	-0.144522	-5.59748	-0.401971	-2.23014	-4.65185
1477010456800000	-5.72111	-0.550214	4.80297	4.24501	-0.159386	lidar	1.68824	-5.85359	-0.445801	-5.71001	-0.634069	-2.26974	-4.62919
1477010456850000	-5.83772	-0.795906	5.12901	4.22658	-0.201764	radar	5.18395	-5.30947	-0.724468	-5.82456	-0.865006	-2.31058	-4.60536
1477010456900000	-5.93778	-1.09812	5.30984	4.24899	-0.145097	lidar	2.0798	-5.87835	-1.26863	-5.94118	-1.09472	-2.35262	-4.58032
1477010456950000	-6.02358	-1.38728	5.37217	4.27431	-0.0864782	radar	2.99355	-5.68069	-1.52871	-6.05993	-1.32316	-2.39581	-4.55404
1477010457000000	-6.16577	-1.58872	5.2898	4.24588	-0.125824	lidar	1.06776	-6.27263	-1.50938	-6.18087	-1.55025	-2.44014	-4.52648
1477010457050000	-6.30694	-1.84198	5.59389	4.2228	-0.173755	radar	2.25792	-6.11355	-1.75966	-6.30406	-1.77593	-2.48555	-4.49762
1477010457100000	-6.41855	-2.10776	5.62578	4.22818	-0.151502	lidar	0.407809	-6.34007	-2.13685	-6.42954	-2.00014	-2.532	-4.46742
1477010457150000	-6.56935	-2.29569	5.35477	4.19985	-0.175402	radar	3.70365	-6.99344	-2.17445	-6.55738	-2.22281	-2.57946	-4.43585
1477010457200000	-6.72307	-2.49761	5.29924	4.17229	-0.205872	lidar	0.474972	-6.79288	-2.4458	-6.68761	-2.44386	-2.62788	-4.40288
1477010457250000	-6.87994	-2.70517	5.2758	4.1479	-0.228361	radar	1.00009	-7.14408	-2.67584	-6.82029	-2.66323	-2.6772	-4.36847
1477010457300000	-6.96813	-2.99449	5.37874	4.18043	-0.15788	lidar	2.47306	-6.8003	-3.10086	-6.95546	-2.88084	-2.7274	-4.3326
1477010457350000	-7.09626	-3.21406	5.23619	4.17601	-0.146112	radar	0.318123	-7.13937	-3.22028	-7.09316	-3.09663	-2.7784	-4.29523
1477010457400000	-7.221	-3.39263	5.12786	4.15462	-0.172379	lidar	1.47634	-7.12118	-3.26434	-7.23344	-3.3105	-2.83017	-4.25632
1477010457450000	-7.36612	-3.65162	5.23311	4.1586	-0.149324	radar	4.40621	-7.77186	-4.08999	-7.37632	-3.5224	-2.88265	-4.21586
1477010457500000	-7.53004	-3.75733	5.01435	4.09714	-0.239895	lidar	4.55656	-7.49009	-3.49081	-7.52184	-3.73223	-2.93579	-4.1738
1477010457550000	-7.67629	-3.96548	5.11152	4.08399	-0.245524	radar	0.504783	-7.52393	-3.88213	-7.67004	-3.93992	-2.98953	-4.13012
1477010457600000	-7.8282	-4.20557	5.1802	4.08493	-0.222787	lidar	0.643618	-7.88049	-4.29783	-7.82094	-4.14538	-3.04381	-4.08479
1477010457650000	-7.97936	-4.42528	5.17138	4.07963	-0.211745	radar	0.433969	-8.08524	-4.57834	-7.97457	-4.34854	-3.09857	-4.03778
1477010457700000	-8.13836	-4.67584	5.25908	4.0842	-0.185628	lidar	1.25381	-8.22492	-4.79812	-8.13095	-4.5493	-3.15376	-3.98906
1477010457750000	-8.27843	-4.87059	4.96912	4.08052	-0.167699	radar	1.67161	-8.453	-4.95621	-8.2901	-4.74759	-3.2093	-3.93862
1477010457800000	-8.40265	-5.08924	4.98132	4.08847	-0.142783	lidar	0.294461	-8.33552	-5.1059	-8.45204	-4.94331	-3.26514	-3.88641
1477010457850000	-8.55562	-5.23799	4.80468	4.0594	-0.175082	radar	2.64982	-8.55062	-4.79248	-8.61678	-5.13637	-3.32121	-3.83242
1477010457900000	-8.74046	-5.43628	4.86091	4.0391	-0.190492	lidar	1.97401	-8.91477	-5.51752	-8.78433	-5.32669	-3.37745	-3.77663
1477010457950000	-8.90322	-5.63105	4.92603	4.02682	-0.195361	radar	0.310056	-9.04115	-5.69364	-8.95469	-5.51417	-3.43377	-3.71901
1477010458000000	-9.05539	-5.81747	4.91601	4.01731	-0.195256	lidar	0.0361655	-9.03391	-5.80267	-9.12788	-5.69872	-3.49012	-3.65955
1477010458050000	-9.19877	-5.95817	4.72748	3.99521	-0.213494	radar	4.80162	-8.86897	-5.41973	-9.30388	-5.88026	-3.54643	-3.59823
1477010458100000	-9.37367	-6.04328	4.59438	3.93803	-0.285681	lidar	3.1752	-9.30811	-5.82368	-9.4827	-6.05868	-3.60261	-3.53503
1477010458150000	-9.55502	-6.22545	4.75622	3.92319	-0.28705	radar	1.39582	-9.80646	-6.41174	-9.66432	-6.23389	-3.6586	-3.46994
1477010458200000	-9.68572	-6.45259	4.8025	3.95078	-0.224183	lidar	1.06426	-9.62547	-6.55958	-9.84874	-6.4058	-3.71431	-3.40295
1477010458250000	-9.91746	-6.60838	5.03694	3.90383	-0.2799	radar	6.72336	-10.6688	-6.35543	-10.0359	-6.57431	-3.76969	-3.33404
1477010458300000	-10.1236	-6.78483	5.07377	3.88261	-0.289592	lidar	0.675078	-10.2246	-6.83402	-10.2259	-6.73933	-3.82463	-3.26321
1477010458350000	-10.3122	-6.94132	5.08018	3.86176	-0.299803	radar	0.650917	-10.2205	-6.71044	-10.4186	-6.90075	-3.87907	-3.19046
1477010458400000	-10.5452	-7.13856	5.18202	3.84542	-0.299496	lidar	3.73595	-10.7616	-7.29159	-10.614	-7.05849	-3.93293	-3.11577
1477010458450000	-10.756	-7.27036	5.12824	3.8103	-0.32958	radar	1.5921	-10.8944	-6.83335	-10.8121	-7.21245	-3.98613	-3.03916
1477010458500000	-11.0054	-7.44452	5.21992	3.78451	-0.341254	lidar	3.33492	-11.2219	-7.56979	-11.0128	-7.36252	-4.03859	-2.96062
1477010458550000	-11.1942	-7.57641	5.0248	3.76429	-0.346384	radar	1.38965	-10.986	-7.3707	-11.2161	-7.50862	-4.09021	-2.88015
1477010458600000	-11.3302	-7.74058	4.94409	3.77984	-0.299836	lidar	3.33477	-11.0934	-7.6776	-11.422	-7.65064	-4.14093	-2.79777
1477010458650000	-11.5271	-7.86143	4.90214	3.75414	-0.316073	radar	1.5961	-11.4213	-7.46085	-11.6304	-7.78849	-4.19066	-2.71349
1477010458700000	-11.6996	-7.96446	4.81526	3.73124	-0.327806	lidar	2.68092	-11.5269	-7.8215	-11.8413	-7.92208	-4.23932	-2.6273
1477010458750000	-11.8913	-8.07337	4.63145	3.7063	-0.340944	radar	0.668633	-11.9422	-7.88317	-12.0546	-8.05131	-4.28682	-2.53924
1477010458800000	-12.0994	-8.16065	4.61342	3.66867	-0.371089	lidar	0.342865	-12.09	-8.08828	-12.2702	-8.17609	-4.33309	-2.44932
1477010458850000	-12.3365	-8.28655	5.02004	3.64689	-0.372778	radar	2.6319	-12.4462	-8.02117	-12.4881	-8.29633	-4.37802	-2.35756
1477010458900000	-12.5406	-8.37285	4.96103	3.61725	-0.389519	lidar	1.42765	-12.4231	-8.2599	-12.7082	-8.41193	-4.42156	-2.26399
1477010458950000	-12.7445	-8.45335	4.70031	3.58509	-0.411039	radar	1.33446	-12.7461	-8.19449	-12.9304	-8.5228	-4.4636	-2.16863
1477010459000000	-13.0259	-8.54616	4.81845	3.54079	-0.444288	lidar	4.35474	-13.2911	-8.64594	-13.1547	-8.62886	-4.50407	-2.07151
1477010459050000	-13.2862	-8.6391	5.02857	3.51108	-0.452059	radar	2.54628	-13.7929	-8.47158	-13.381	-8.73002	-4.54289	-1.97267
1477010459100000	-13.5052	-8.69173	4.9749	3.47489	-0.472319	lidar	1.5152	-13.384	-8.57583	-13.6092	-8.82619	-4.57997	-1.87214
1477010459150000	-13.717	-8.72738	4.674	3.42988	-0.50975	radar	2.88367	-13.6376	-8.26344	-13.8392	-8.91729	-4.61524	-1.76997
1477010459200000	-13.9318	-8.8521	4.68783	3.43918	-0.459428	lidar	1.41856	-13.9959	-8.99264	-14.0709	-9.00324	-4.64861	-1.6662
1477010459250000	-14.1993	-8.93292	5.0817	3.42047	-0.445506	radar	2.53069	-14.4737	-8.79552	-14.3043	-9.08395	-4.68001	-1.56086
1477010459300000	-14.419	-9.0653	5.06116	3.439	-0.386807	lidar	1.01452	-14.4273	-9.1875	-14.5391	-9.15936	-4.70936	-1.45402
1477010459350000	-14.645	-9.13685	4.90344	3.4207	-0.38858	radar	0.494885	-14.5757	-9.32634	-14.7754	-9.22939	-4.73658	-1.34573
1477010459400000	-14.9406	-9.12689	4.99487	3.34794	-0.465119	lidar	1.55945	-15.062	-9.04396	-15.013	-9.29397	-4.76161	-1.23603
1477010459450000	-15.2047	-9.19662	5.03667	3.33197	-0.454877	radar	4.50474	-15.6189	-9.69365	-15.2517	-9.35302	-4.78436	-1.125
1477010459500000	-15.4653	-9.33073	5.08544	3.35416	-0.390745	lidar	5.38846	-15.6682	-9.56749	-15.4916	-9.40649	-4.80476	-1.01269
1477010459550000	-15.7	-9.36629	4.82179	3.323	-0.41532	radar	1.62509	-15.9382	-9.35751	-15.7324	-9.45431	-4.82275	-0.899159
1477010459600000	-15.9499	-9.45739	4.85782	3.32666	-0.380704	lidar	2.10246	-16.0862	-9.59819	-15.9741	-9.49642	-4.83827	-0.784484
1477010459650000	-16.1978	-9.47134	4.80383	3.28884	-0.410278	radar	1.90645	-16.6033	-8.85459	-16.2164	-9.53277	-4.85124	-0.668734
1477010459700000	-16.4469	-9.45804	4.82254	3.24173	-0.44825	lidar	0.533002	-16.4229	-9.37029	-16.4594	-9.5633	-4.8616	-0.55198
1477010459750000	-16.6539	-9.46946	4.72321	3.21845	-0.450387	radar	4.70743	-16.011	-9.33486	-16.7027	-9.58797	-4.8693	-0.434301
1477010459800000	-16.945	-9.44133	4.84392	3.16357	-0.497109	lidar	1.70296	-17.1132	-9.43043	-16.9464	-9.60673	-4.87427	-0.315773
1477010459850000	-17.1983	-9.50546	5.00751	3.17767	-0.433375	radar	7.97029	-16.9255	-10.8571	-17.1903	-9.61954	-4.87646	-0.196479
1477010459900000	-17.4626	-9.5235	5.0378	3.16061	-0.427172	lidar	0.499464	-17.5448	-9.57485	-17.4342	-9.62636	-4.87583	-0.0765024
1477010459950000	-17.7189	-9.5146	4.93509	9.4112	-0.449764	radar	1.66712	-18.1371	-9.39146	-17.6781	-9.62717	-4.87232	0.0440703
1477010460000000	-17.9757	-9.47619	4.96773	9.37026	-0.476108	lidar	0.199756	-17.9724	-9.42299	-17.9216	-9.62194	-4.86588	0.165151
1477010460050000	-18.2157	-9.44358	4.86699	9.33426	-0.499222	radar	0.424702	-18.3083	-9.18778	-18.1648	-9.61064	-4.85648	0.286648
1477010460100000	-18.3971	-9.50774	4.69638	9.36334	-0.421627	lidar	1.84323	-18.2763	-9.60997	-18.4074	-9.59325	-4.84408	0.40847
1477010460150000	-18.6327	-9.49938	4.85083	9.35343	-0.396907	radar	1.77794	-18.2443	-9.58547	-18.6493	-9.56977	-4.82864	0.530522
1477010460200000	-18.8873	-9.48413	4.87856	9.33522	-0.395005	lidar	0.291765	-18.9545	-9.51544	-18.8904	-9.54017	-4.81012	0.652707
1477010460250000	-19.1161	-9.44686	4.92017	9.3124	-0.394676	radar	3.78267	-18.6983	-9.02886	-19.1305	-9.50447	-4.78851	0.774927
1477010460300000	-19.3789	-9.30419	5.02278	9.23059	-0.482933	lidar	3.12126	-19.2983	-9.09865	-19.3694	-9.46265	-4.76378	0.897083
1477010460350000	-19.6111	-9.22696	4.88219	9.18533	-0.523706	radar	1.0408	-19.7037	-8.79906	-19.6069	-9.41472	-4.73591	1.01907
1477010460400000	-19.8724	-9.08687	4.99927	9.11625	-0.584639	lidar	1.09851	-19.8731	-8.96417	-19.8431	-9.36071	-4.70487	1.1408
1477010460450000	-20.118	-8.97171	5.09035	9.07066	-0.604045	radar	4.76631	-20.3815	-7.6755	-20.0775	-9.30061	-4.67066	1.26215
1477010460500000	-20.2446	-9.17382	4.5416	9.19296	-0.388629	lidar	14.2002	-20.1607	-9.59663	-20.3102	-9.23446	-4.63328	1.38303
1477010460550000	-20.4828	-9.13943	4.66906	9.18946	-0.35971	radar	1.65345	-20.4587	-9.7448	-20.5409	-9.16227	-4.59271	1.50334
1477010460600000	-20.7144	-9.02352	4.73598	9.14047	-0.403574	lidar	0.923504	-20.6596	-8.91527	-20.7696	-9.08409	-4.54895	1.62296
1477010460650000	-20.9582	-8.94345	4.74445	9.11229	-0.41942	radar	2.62916	-21.5568	-8.5005	-20.9959	-8.99994	-4.50202	1.74179
1477010460700000	-21.151	-8.87626	4.66851	9.09505	-0.41273	lidar	0.969935	-21.0195	-8.85081	-21.2198	-8.90987	-4.45191	1.85972
1477010460750000	-21.3836	-8.79426	4.65119	9.06967	-0.42482	radar	2.00277	-21.8628	-8.64129	-21.4412	-8.81393	-4.39865	1.97666
1477010460800000	-21.566	-8.78144	4.50027	9.08439	-0.372551	lidar	0.921297	-21.5029	-8.87191	-21.6597	-8.71217	-4.34224	2.0925
1477010460850000	-21.7474	-8.66233	4.25895	9.02861	-0.443366	radar	5.47596	-21.9514	-7.41274	-21.8754	-8.60465	-4.2827	2.20712
1477010460900000	-21.9501	-8.57173	4.28227	9.00379	-0.447512	lidar	0.0486058	-21.9793	-8.57089	-22.0881	-8.49143	-4.22007	2.32043
1477010460950000	-22.1614	-8.46931	4.49252	8.98696	-0.424832	radar	2.46895	-22.1914	-7.70392	-22.2975	-8.37258	-4.15437	2.43232
1477010461000000	-22.4076	-8.34558	4.61944	8.95544	-0.441451	lidar	1.72339	-22.5838	-8.35296	-22.5035	-8.24817	-4.08564	2.5427
1477010461050000	-22.5935	-8.24143	4.51545	8.92808	-0.455148	radar	0.708344	-22.3177	-8.57758	-22.7061	-8.11829	-4.01391	2.65145
1477010461100000	-22.8662	-7.93489	4.95647	8.81038	-0.590749	lidar	6.39739	-22.9861	-7.6724	-22.9049	-7.98301	-3.93923	2.75848
1477010461150000	-23.0577	-7.78152	4.80279	8.75851	-0.647072	radar	2.96789	-23.2693	-8.32031	-23.1	-7.84243	-3.86163	2.8637
1477010461200000	-23.2926	-7.58531	4.98009	8.71152	-0.668856	lidar	1.9851	-23.4777	-7.56583	-23.2911	-7.69663	-3.78118	2.967
1477010461250000	-23.5001	-7.43289	5.16207	8.7095	-0.59443	radar	2.03921	-23.473	-7.02103	-23.4781	-7.54572	-3.69792	3.06828
1477010461300000	-23.6554	-7.31329	4.98675	8.69688	-0.570388	lidar	0.979281	-23.5408	-7.36069	-23.6609	-7.3898	-3.61191	3.16746
1477010461350000	-23.8534	-7.13569	5.08663	8.67329	-0.554661	radar	0.819166	-24.0505	-6.56968	-23.8393	-7.22897	-3.52321	3.26445
1477010461400000	-23.9952	-7.09305	4.73288	8.69325	-0.488255	lidar	2.51388	-23.9384	-7.26171	-24.0132	-7.06336	-3.43189	3.35916
1477010461450000	-24.1643	-6.90847	4.7302	8.65325	-0.517214	radar	1.90339	-24.3577	-5.94086	-24.1825	-6.89307	-3.33801	3.45149
1477010461500000	-24.3393	-6.61828	5.00076	8.5791	-0.585011	lidar	2.75723	-24.2574	-6.4352	-24.347	-6.71823	-3.24166	3.54138
1477010461550000	-24.5069	-6.44068	4.92353	8.54697	-0.604155	radar	3.46228	-24.788	-7.18367	-24.5066	-6.53896	-3.14289	3.62873
1477010461600000	-24.5833	-6.35241	4.56114	8.53831	-0.569977	lidar	5.23764	-24.3008	-6.43799	-24.6612	-6.35538	-3.0418	3.71347
1477010461650000	-24.7236	-6.17071	4.59167	8.51194	-0.561231	radar	0.325339	-24.6108	-6.00878	-24.8107	-6.16764	-2.93846	3.79553
1477010461700000	-24.9156	-5.94005	4.79026	8.48068	-0.56905	lidar	2.98455	-25.146	-5.91902	-24.955	-5.97587	-2.83295	3.87484
1477010461750000	-25.0487	-5.72927	4.84553	8.45006	-0.564855	radar	1.81514	-24.8975	-5.02285	-25.094	-5.7802	-2.72537	3.95132
1477010461800000	-25.1764	-5.57582	4.71837	8.4373	-0.542922	lidar	0.363026	-25.1941	-5.64372	-25.2276	-5.58079	-2.61581	4.02492
1477010461850000	-25.3321	-5.38536	4.82136	8.43503	-0.486788	radar	1.20714	-25.5328	-5.4399	-25.3556	-5.37777	-2.50435	4.09557
1477010461900000	-25.4849	-5.14174	4.95769	8.40441	-0.497215	lidar	0.56158	-25.5713	-5.10241	-25.4779	-5.1713	-2.39109	4.16322
1477010461950000	-25.6141	-4.96961	4.93087	8.4071	-0.434855	radar	5.96553	-25.0178	-6.55904	-25.5946	-4.96152	-2.27613	4.22781
1477010462000000	-25.7253	-4.82208	4.74563	8.40021	-0.412753	lidar	0.550736	-25.6952	-4.89995	-25.7055	-4.7486	-2.15956	4.2893
1477010462050000	-25.8454	-4.61352	4.76314	8.37898	-0.411879	radar	0.116094	-25.8162	-4.40681	-25.8105	-4.53268	-2.04149	4.34764
1477010462100000	-25.9669	-4.34602	4.92552	8.34205	-0.435843	lidar	0.499849	-25.9516	-4.26659	-25.9096	-4.31392	-1.92202	4.40279
1477010462150000	-26.0732	-4.12534	4.76647	8.28699	-0.536048	radar	11.4175	-26.8953	-4.43966	-26.0027	-4.0925	-1.80125	4.45471
1477010462200000	-26.1709	-3.80914	5.03189	8.23337	-0.574511	lidar	1.4644	-26.1198	-3.67723	-26.0897	-3.86856	-1.67928	4.50337
1477010462250000	-26.245	-3.56481	4.9641	8.17397	-0.65758	radar	3.07015	-26.5652	-3.85723	-26.1706	-3.64227	-1.55623	4.54875
1477010462300000	-26.2684	-3.30377	4.98295	8.11898	-0.68453	lidar	4.07386	-25.9974	-3.24722	-26.2453	-3.41381	-1.4322	4.59081
1477010462350000	-26.3198	-3.05579	4.98182	8.07374	-0.710736	radar	0.137084	-26.2976	-3.01078	-26.3138	-3.18332	-1.30729	4.62954
1477010462400000	-26.3355	-2.84685	4.85173	8.03291	-0.716759	lidar	1.49627	-26.1741	-2.87885	-26.376	-2.95098	-1.18162	4.66493
1477010462450000	-26.3943	-2.63402	4.79736	8.01947	-0.667485	radar	1.76374	-26.4681	-3.44967	-26.4319	-2.71697	-1.05529	4.69696
1477010462500000	-26.4607	-2.54096	4.38891	8.01646	-0.632344	lidar	5.31661	-26.674	-2.73852	-26.4815	-2.48143	-0.928411	4.72562
1477010462550000	-26.5167	-2.31629	4.44544	8.00718	-0.576893	radar	1.40269	-26.657	-1.72382	-26.5247	-2.24456	-0.80109	4.75091
1477010462600000	-26.5652	-2.12765	4.36249	7.98854	-0.564426	lidar	0.719239	-26.6691	-2.17333	-26.5616	-2.0065	-0.673434	4.77284
1477010462650000	-26.5968	-1.90061	4.41081	7.9753	-0.519185	radar	2.15583	-26.3248	-1.32261	-26.5921	-1.76744	-0.545553	4.79141
1477010462700000	-26.5988	-1.61792	4.59156	7.93505	-0.537236	lidar	1.46785	-26.4671	-1.53207	-26.6161	-1.52753	-0.417552	4.80664
1477010462750000	-26.5941	-1.40334	4.53599	7.88829	-0.586362	radar	1.51795	-26.4998	-2.19526	-26.6338	-1.28695	-0.289538	4.81852
1477010462800000	-26.5991	-1.16153	4.58262	7.85828	-0.587264	lidar	0.0284137	-26.5998	-1.14277	-26.6451	-1.04586	-0.161616	4.8271
1477010462850000	-26.6289	-0.949863	4.53454	7.84689	-0.557719	radar	5.10761	-27.2008	-1.67679	-26.65	-0.804425	-0.0338883	4.83238
1477010462900000	-26.6432	-0.665079	4.71661	7.82499	-0.55002	lidar	0.852639	-26.7355	-0.59539	-26.6485	-0.562811	0.0935412	4.83439
1477010462950000	-26.6298	-0.416849	4.76965	7.78183	-0.596653	radar	2.31412	-26.9891	0.0351487	-26.6406	-0.321181	0.220572	4.83317
1477010463000000	-26.5851	-0.0725774	5.09467	7.74224	-0.606627	lidar	2.30242	-26.4553	0.0602653	-26.6264	-0.0796947	0.347104	4.82874
1477010463050000	-26.5658	0.180504	5.10321	7.71385	-0.611097	radar	2.75471	-26.9537	0.136943	-26.6059	0.161489	0.473041	4.82116
1477010463100000	-26.5412	0.496996	5.29846	7.6912	-0.600167	lidar	0.831371	-26.6201	0.57588	-26.5792	0.402213	0.598287	4.81045
1477010463150000	-26.5304	0.747272	5.2272	7.68916	-0.536569	radar	1.91497	-26.8241	0.381506	-26.5462	0.642323	0.722748	4.79667
1477010463200000	-26.5235	1.02783	5.29203	7.67825	-0.518097	lidar	2.32415	-26.7293	1.06082	-26.5069	0.881666	0.846334	4.77986
1477010463250000	-26.4837	1.31737	5.33858	7.67816	-0.442882	radar	6.22175	-25.9562	2.60409	-26.4616	1.12009	0.968955	4.76007
1477010463300000	-26.4306	1.5094	5.12745	7.64935	-0.452432	lidar	0.661207	-26.3986	1.42212	-26.4101	1.35745	1.09053	4.73737
1477010463350000	-26.3909	1.71105	4.95742	7.63419	-0.431581	radar	8.58812	-26.5072	-0.563928	-26.3526	1.59361	1.21096	4.71181
1477010463400000	-26.3417	1.88058	4.73884	7.60873	-0.437933	lidar	0.637775	-26.3594	1.79315	-26.2891	1.82841	1.33018	4.68345
1477010463450000	-26.2727	2.10423	4.75341	7.5747	-0.470511	radar	0.417555	-26.3475	1.82827	-26.2197	2.06173	1.44811	4.65235
1477010463500000	-26.216	2.26513	4.54886	7.54783	-0.476653	lidar	0.593569	-26.2502	2.18481	-26.1444	2.29342	1.56467	4.61859
1477010463550000	-26.1539	2.4741	4.48567	7.53514	-0.444889	radar	0.464247	-26.069	2.27896	-26.0633	2.52336	1.67979	4.58223
1477010463600000	-26.075	2.74017	4.6482	7.51803	-0.436184	lidar	0.367342	-26.0641	2.80701	-25.9765	2.75141	1.79339	4.54334
1477010463650000	-25.9788	2.96137	4.75875	7.46707	-0.518275	radar	3.10469	-26.3234	3.02388	-25.8841	2.97746	1.90543	4.502
1477010463700000	-25.8692	3.28784	5.08331	7.45252	-0.498921	lidar	1.48843	-25.8345	3.42005	-25.7861	3.20139	2.01582	4.45828
1477010463750000	-25.7852	3.52608	5.0887	7.43467	-0.491174	radar	2.09839	-26.1824	3.73376	-25.6826	3.42306	2.12452	4.41227
1477010463800000	-25.6821	3.70403	4.93396	7.40114	-0.504981	lidar	0.382727	-25.6666	3.63509	-25.5737	3.64239	2.23146	4.36404
1477010463850000	-25.5663	3.90666	4.90036	7.36792	-0.520626	radar	1.13492	-25.5773	3.13316	-25.4596	3.85924	2.3366	4.31367
1477010463900000	-25.5057	4.05478	4.66108	7.34679	-0.520247	lidar	3.54292	-25.7492	3.99968	-25.3402	4.07353	2.43989	4.26125
1477010463950000	-25.3847	4.24582	4.64528	7.31477	-0.531332	radar	0.54382	-25.3516	3.75691	-25.2157	4.28514	2.54127	4.20686
1477010464000000	-25.218	4.49221	4.82448	7.28479	-0.53082	lidar	2.248	-25.0214	4.52803	-25.0863	4.49399	2.64071	4.15058
1477010464050000	-25.0696	4.68117	4.71812	7.26202	-0.500742	radar	8.9775	-24.2719	4.30917	-24.9518	4.69998	2.73817	4.09251
1477010464100000	-24.9528	4.87409	4.69602	7.24202	-0.495306	lidar	0.376177	-25.0363	4.88499	-24.8126	4.90303	2.83361	4.03273
1477010464150000	-24.7972	5.0606	4.7025	7.21067	-0.501644	radar	2.32501	-24.3609	4.95947	-24.6686	5.10304	2.92701	3.97132
1477010464200000	-24.6223	5.30085	4.8807	7.19149	-0.489071	lidar	1.03461	-24.5041	5.35293	-24.5201	5.29995	3.01833	3.90839
1477010464250000	-24.4486	5.48357	4.98273	7.14604	-0.538712	radar	0.754399	-24.4379	5.24592	-24.367	5.49367	3.10754	3.84401
1477010464300000	-24.2587	5.65619	4.98124	7.10671	-0.553799	lidar	1.18966	-24.1159	5.61152	-24.2095	5.68414	3.19464	3.77827
1477010464350000	-24.0956	5.81262	4.95495	7.06878	-0.578342	radar	3.0554	-24.5638	4.75836	-24.0477	5.8713	3.27959	3.71127
1477010464400000	-23.9208	5.96819	4.91067	7.03449	-0.586456	lidar	0.0461485	-23.9153	5.94377	-23.8818	6.05508	3.36239	3.64309
1477010464450000	-23.7833	6.13815	4.56455	7.04369	-0.487245	radar	4.22218	-23.5491	6.44495	-23.7117	6.23542	3.44302	3.57383
1477010464500000	-23.6224	6.29052	4.54896	7.01957	-0.487576	lidar	0.033175	-23.6471	6.29102	-23.5377	6.41227	3.52148	3.50357
1477010464550000	-23.4778	6.4454	4.44492	7.00942	-0.458117	radar	1.26348	-23.7544	6.53746	-23.3598	6.58559	3.59775	3.4324
1477010464600000	-23.2369	6.72341	4.84769	7.02061	-0.400408	lidar	4.69887	-23.0099	6.86182	-23.1781	6.75533	3.67185	3.36041
1477010464650000	-23.0435	6.85477	4.78211	6.98752	-0.414042	radar	5.4594	-22.7862	5.74143	-22.9928	6.92146	3.74376	3.28768
1477010464700000	-22.8264	7.04284	4.91461	6.97285	-0.402087	lidar	0.962074	-22.6991	7.063	-22.804	7.08393	3.8135	3.21431
1477010464750000	-22.6117	7.18047	4.99751	6.93264	-0.441694	radar	1.68308	-22.418	6.76159	-22.6117	7.24273	3.88106	3.14038
1477010464800000	-22.4313	7.31595	4.93468	6.90914	-0.445572	lidar	0.330768	-22.5083	7.31524	-22.4161	7.39782	3.94647	3.06598
1477010464850000	-22.1933	7.46232	5.2098	6.86399	-0.504917	radar	2.0149	-22.0543	7.85452	-22.2173	7.54917	4.00974	2.99118
1477010464900000	-22.0091	7.62171	5.18476	6.8535	-0.487542	lidar	2.11419	-22.1947	7.69478	-22.0154	7.69679	4.07087	2.91607
1477010464950000	-21.8226	7.8044	5.01041	6.87086	-0.401039	radar	5.5762	-21.6178	9.0351	-21.8105	7.84064	4.12989	2.84074
1477010465000000	-21.6202	7.93801	4.9915	6.85048	-0.402163	lidar	0.0405638	-21.6473	7.94	-21.6026	7.98072	4.18681	2.76526
1477010465050000	-21.4316	8.06671	4.9084	6.83562	-0.391755	radar	1.5377	-21.8637	7.78661	-21.392	8.11703	4.24166	2.68971
1477010465100000	-21.228	8.06175	4.65221	6.7598	-0.470878	lidar	4.55615	-21.0853	7.83229	-21.1787	8.24957	4.29447	2.61417
1477010465150000	-21.0419	8.19741	4.43636	6.76717	-0.402924	radar	4.87383	-20.5503	9.28616	-20.9628	8.37833	4.34526	2.53871
1477010465200000	-20.867	8.362	4.49927	6.77906	-0.35974	lidar	3.0829	-21.0519	8.50983	-20.7444	8.50333	4.39406	2.46341
1477010465250000	-20.617	8.48408	4.82592	6.74687	-0.400394	radar	5.20538	-19.9265	9.40847	-20.5237	8.62457	4.4409	2.38835
1477010465300000	-20.3532	8.64605	5.01059	6.74641	-0.368448	lidar	1.40437	-20.21	8.68914	-20.3006	8.74206	4.48582	2.31358
1477010465350000	-20.1574	8.77395	4.80618	6.7548	-0.308118	radar	1.2791	-20.2277	8.8532	-20.0753	8.85583	4.52884	2.23919
1477010465400000	-19.9693	8.86459	4.72543	6.73456	-0.317167	lidar	0.49922	-20.0633	8.86724	-19.848	8.96589	4.57001	2.16524
1477010465450000	-19.7765	8.96754	4.58445	6.7295	-0.290422	radar	0.561449	-19.9264	8.78179	-19.6186	9.07227	4.60937	2.09179
1477010465500000	-19.5623	9.03643	4.5532	6.70017	-0.310193	lidar	0.590136	-19.4861	8.96665	-19.3873	9.17499	4.64694	2.01891
1477010465550000	-19.3129	9.15464	4.7976	6.68527	-0.319627	radar	4.97752	-18.5719	10.2069	-19.1542	9.27409	4.68278	1.94666
1477010465600000	-19.01	9.2691	5.0011	6.67079	-0.310719	lidar	6.28029	-18.6786	9.19191	-18.9193	9.36959	4.71692	1.8751
1477010465650000	-18.7948	9.35016	4.97065	6.64936	-0.323369	radar	1.6732	-19.2825	8.98189	-18.6827	9.46154	4.7494	1.80429
1477010465700000	-18.5294	9.46428	5.08043	6.64285	-0.307264	lidar	0.653835	-18.4242	9.46852	-18.4446	9.54996	4.78028	1.73429
1477010465750000	-18.2567	9.50488	5.29	6.58603	-0.388771	radar	4.9975	-18.1634	8.72444	-18.2049	9.63492	4.80959	1.66514
1477010465800000	-17.9368	9.66125	5.5479	6.59957	-0.337844	lidar	2.07536	-17.7736	9.72478	-17.9639	9.71643	4.83737	1.59691
1477010465850000	-17.6819	9.77492	5.35375	6.61347	-0.265892	radar	2.9995	-17.2296	9.97767	-17.7214	9.79457	4.86368	1.52964
1477010465900000	-17.4071	9.87819	5.42541	6.60707	-0.254643	lidar	0.243596	-17.3436	9.88109	-17.4777	9.86936	4.88856	1.46338
1477010465950000	-17.1486	9.97047	5.46167	6.59589	-0.255733	radar	0.326152	-17.1554	10.212	-17.2328	9.94087	4.91205	1.39818
1477010466000000	-16.8777	10.0874	5.53333	6.59805	-0.234614	lidar	0.233923	-16.8876	10.145	-16.9868	10.0091	4.93421	1.33408
1477010466050000	-16.6127	10.1681	5.5421	6.58375	-0.2394	radar	0.0344504	-16.5958	10.1078	-16.7396	10.0743	4.95507	1.27113
1477010466100000	-16.3808	10.2504	5.47056	6.57378	-0.239291	lidar	1.15591	-16.5153	10.3091	-16.4915	10.1362	4.97469	1.20937
1477010466150000	-16.1126	10.333	5.54014	6.56032	-0.247962	radar	0.387245	-16.09	10.5824	-16.2424	10.1952	4.99311	1.14883
1477010466200000	-15.9134	10.3081	5.25781	6.50619	-0.310037	lidar	1.88635	-16.006	10.1843	-15.9924	10.2511	5.01039	1.08956
1477010466250000	-15.6675	10.3702	5.18269	6.49706	-0.29495	radar	0.168881	-15.7234	10.41	-15.7416	10.3041	5.02655	1.03159
1477010466300000	-15.4821	10.3237	4.9135	6.43815	-0.361943	lidar	1.98952	-15.5699	10.1904	-15.4899	10.3543	5.04166	0.974957
1477010466350000	-15.1648	10.3736	5.34361	6.41341	-0.389342	radar	7.46961	-14.2385	10.9109	-15.2376	10.4016	5.05576	0.919692
1477010466400000	-14.9012	10.4242	5.3581	6.40241	-0.377358	lidar	0.197039	-14.9365	10.4722	-14.9846	10.4462	5.06889	0.865828
1477010466450000	-14.6732	10.444	4.96185	6.39618	-0.328617	radar	6.28802	-14.724	9.63507	-14.7309	10.4882	5.0811	0.813394
1477010466500000	-14.4531	10.3906	4.83127	6.3407	-0.385904	lidar	1.89904	-14.4088	10.222	-14.4766	10.5276	5.09243	0.762418
1477010466550000	-14.1972	10.4076	4.88011	6.32391	-0.381848	radar	0.613081	-13.9005	10.5238	-14.2218	10.5645	5.10293	0.712926
1477010466600000	-13.8526	10.6026	5.24238	6.40265	-0.2346	lidar	8.11268	-13.8049	10.9383	-13.9665	10.5989	5.11263	0.664944
1477010466650000	-13.5983	10.6628	5.0835	6.4184	-0.174257	radar	1.23722	-13.3956	10.7857	-13.7107	10.631	5.12159	0.618496
1477010466700000	-13.3671	10.6492	4.99568	6.38542	-0.209243	lidar	0.623637	-13.3556	10.5517	-13.4545	10.6608	5.12983	0.573603
1477010466750000	-13.103	10.6725	5.11205	6.3699	-0.224107	radar	0.405818	-12.9374	10.8137	-13.1979	10.6884	5.13741	0.530288
1477010466800000	-12.8383	10.7799	5.20747	6.40145	-0.164827	lidar	3.82123	-12.9591	11.0099	-12.9409	10.7138	5.14436	0.48857
1477010466850000	-12.5666	10.8357	5.23523	6.40875	-0.13876	radar	1.19039	-12.2518	11.2495	-12.6836	10.7373	5.15071	0.448467
1477010466900000	-12.3586	10.7791	5.03163	6.35644	-0.203341	lidar	1.9941	-12.3713	10.6091	-12.426	10.7587	5.15651	0.409997
1477010466950000	-12.1063	10.8097	4.98134	6.35696	-0.180859	radar	0.34115	-11.9352	10.9161	-12.1681	10.7783	5.16179	0.373177
1477010467000000	-11.8537	10.8847	5.03828	6.37561	-0.143185	lidar	2.0116	-11.9451	11.0515	-11.91	10.7961	5.16658	0.338022
1477010467050000	-11.5688	10.9095	5.16233	6.36854	-0.145613	radar	2.82778	-10.9703	10.9676	-11.6516	10.8121	5.17092	0.304546
1477010467100000	-11.352	10.9156	5.05088	6.3515	-0.161415	lidar	0.662653	-11.4548	10.9407	-11.393	10.8265	5.17484	0.272761
1477010467150000	-11.0759	10.8582	5.48073	6.27737	-0.307295	radar	7.60012	-11.3472	10.5111	-11.1342	10.8394	5.17836	0.242681
1477010467200000	-10.7652	10.8309	5.55768	6.25313	-0.316451	lidar	2.61553	-10.6009	10.6823	-10.8753	10.8509	5.18153	0.214317
1477010467250000	-10.5086	10.8338	5.39352	6.24949	-0.286559	radar	0.658299	-10.6563	10.8369	-10.6161	10.8609	5.18435	0.187679
1477010467300000	-10.2858	10.8154	5.27405	6.22728	-0.30105	lidar	1.13085	-10.4142	10.8747	-10.3569	10.8697	5.18687	0.162776
1477010467350000	-10.05	10.8617	4.86266	6.26145	-0.191425	radar	5.65813	-9.90413	11.2255	-10.0976	10.8772	5.1891	0.139618
1477010467400000	-9.78407	10.9211	4.9562	6.28463	-0.145394	lidar	2.06132	-9.83445	11.1032	-9.83809	10.8837	5.19106	0.118212
1477010467450000	-9.57652	10.8819	4.86266	6.2524	-0.186721	radar	3.795	-10.195	10.3498	-9.57852	10.8891	5.19278	0.0985664
1477010467500000	-9.3055	10.9202	4.9602	6.26759	-0.151876	lidar	0.816636	-9.3066	11.0348	-9.31887	10.8936	5.19428	0.0806865
1477010467550000	-9.07532	10.8876	4.87776	6.24644	-0.168325	radar	2.39803	-9.2226	10.3527	-9.05915	10.8972	5.19557	0.0645787
1477010467600000	-8.79482	10.9333	5.00321	6.26773	-0.126172	lidar	1.18477	-8.78899	11.0707	-8.79937	10.9001	5.19667	0.050248
1477010467650000	-8.57399	10.8765	4.90951	6.23241	-0.168835	radar	6.24827	-8.83914	10.0319	-8.53953	10.9023	5.19759	0.0376992
1477010467700000	-8.44923	10.7772	4.54727	6.1702	-0.248239	lidar	3.31107	-8.62045	10.6577	-8.27965	10.9039	5.19835	0.0269359
1477010467750000	-8.2099	10.78	4.51667	6.17795	-0.211686	radar	1.53358	-7.91543	11.1157	-8.01974	10.905	5.19896	0.0179617
1477010467800000	-7.80587	10.8689	5.01409	6.24579	-0.0924203	lidar	7.3576	-7.51971	11.0005	-7.75979	10.9057	5.19942	0.0107791
1477010467850000	-7.54241	10.869	4.96451	6.25662	-0.0548724	radar	1.77113	-7.25987	10.6458	-7.49981	10.9061	5.19975	0.00539029
1477010467900000	-7.25418	10.8671	5.07451	6.26096	-0.0428931	lidar	0.712644	-7.15631	10.815	-7.23983	10.9063	5.19994	0.00179692
1477010467950000	-7.02864	10.8923	4.87362	6.28523	0.0170633	radar	2.53038	-7.39396	11.0181	-6.97983	10.9064	5.2	-7.84874e-15
